Scalar: 15.96015842700217
Vector: 21.727922524998576
Vector Vector: 18.864597778003372
Matrix: 22.22235630799696
Matrix Matrix: 27.541016974999366
