Scalar: 8.805098018998251
Vector: 8.623956956998882
Vector Vector: 8.784326184999372
Matrix: 8.620243090001168
Matrix Matrix: 9.263801207998767
